0000000000000000000000000000000000000000000000000000000000000000000000000000000000000000000000000000000000000000000000000000000000000000000000000000000000000000000000000000000
0000000000000000000000000000000000000000000000000000000000000000000000000000000000000000000000000000000000000000000000000000000000000000000000000000000000000000000000000000000
0000000000000000000000000000000000000000000000000000000000000000000000000000000000000000000000000000000000000000000000000000000000000000000000000000000000000000000000000000000
0000000000000000000000000000000000000000000000000000000000000000000000000000000000000000000000000000000000000000000000000000000000000000000000000000000000000000000000000000000
0000000000000000000000000000000000000000000000000000000000000000000000000000000000000000000000000000000000000000000000000000000000000000000000000000000000000000000000000000000
0000000000000000000000000000000000000000000000000000000000000000000000000000000000000000000000000000000000000000000000000000000000000000000000000000000000000000000000000000000
0000000000000000000000000000000000000000000000000000000000000000000000000000000000000000000000000000000000000000000000000000000000000000000000000000000000000000000000000000000
0000000000000000000000000000000000000000000000000000000000000000000000000000000000000000000000000000000000000000000000000000000000000000000000000000000000000000000000000000000
0000000000000000000000000000000000000000000000000000000000000000000000000000000000000000000000000000000000000000000000000000000000000000000000000000000000000000000000000000000
0000000000000000000000000000000000000000000000000000000000000000000000000000000000000000000000000000000000000000000000000000000000000000000000000000000000000000000000000000000
0000000000000000000000000000000000000000000000000000000000000000000000000000000000000000000000000000000000000000000000000000000000000000000000000000000000000000000000000000000
0000000000000111111111111000000000000000000000000000000000000000000000000000000000000000000000000000000000000000000000000000000000000000000000111111111111111111110000000000000
0000000000001111111111110000000000000000000000000000000000000000000000000000000000000000000000000000000000000000000000000000000000000000000001100111111111111111111000000000000
0000000000011000000000001100000000000000000000000000000000000000000000000000000000000000000000000000000000000000000000000000000000000000000000111000000000000000001100000000000
0000000000011000000000011000000000000000000000000000000000000000000000000000000000000000000000000000000000000000000000000000000000000000000000001100000000000000001100000000000
0000000000011000000000110000000000000000000000000000000000000000000000000000000000000000000000000000000000000000000000000000000000000000000000000110000000000000001100000000000
0000000000011000000001100000000000000000000000000000000000000000000000000000000000000000000000000000000000000000000000000000000000000000000000000011000000000000001100000000000
0000000000011000000011000000000000000000000000000000000000000000000000000000000000000000000000000000000000000000000000000000000000000000000000000001100000000000001100000000000
0000000000011000001100000000000000000000000000000000000000000000000000000000000000000000000000000000000000000000000000000000000000000000000000000000110000000000001100000000000
0000000000011000001000000000000000000000000000000000000000000000000000000000000000000000000000000000000000000000000000000000000000000000000000000000011000000000001100000000000
0000000000011000010000000000000000000000000000000000000000000000000000000000000000000000000000000000000000000000000000000000000000000000000000000000001100000000001100000000000
0000000000011000110000000000000000000000000000000000000000000000000000000000000000000000000000000000000000000000000000000000000000000000000000000000000110000000001100000000000
0000000000011001100000000000000000000000000000000000000000000000000000000000000000000000000000000000000000000000000000000000000000000000000000000000000011000000001100000000000
0000000000011011000000000000000000000000000000000000000000000000000000000000000000000000000000000000000000000000000000000000000000000000000000000000000001100000001100000000000
0000000000010110000000000000000000000000000000000000000000000000000000000000000000000000000000000000000000000000000000000000000000000000000000000000000000100000001100000000000
0000000000010100000000000000000000000000000000000000000000000000000000000000000000001000000000000000000000000000000000000000000000000000000000000000000000010000001100000000000
0000000000011100000000000000000000000000000000000000000000000000000000000000000011111111100000000000000000000000000000000000000000000000000000000000000000011000001100000000000
0000000000001000000000000000000000000000000000000000000000000000000000000000111111000001111110000000000000000000000000000000000000000000000000000000000000001000001100000000000
0000000000000000000000000000000000000000000000000000000000000000000000000111110000000000000111110000000000000000000000000000000000000000000000000000000000000100001100000000000
0000000000000000000000000000000000000000000000000000000000000000000000111100000000000000000000011100000000000000000000000000000000000000000000000000000000000110001100000000000
0000000000000000000000000000000000000000000000000000000000000000000011100000000000000000000000000011100000000000000000000000000000000000000000000000000000000010001100000000000
0000000000000000000000000000000000000000000000000000000000000000001100000000000000000000000000000000111000000000000000000000000000000000000000000000000000000001001100000000000
0000000000000000000000000000000000000000000000000000000000000000110000000000000000000000000000000000000110000000000000000000000000000000000000000000000000000001001100000000000
0000000000000000000000000000000000000000000000000000000000000011000000000000000000000000000000000000000001100000000000000000000000000000000000000000000000000000101100000000000
0000000000000000000000000000000000000000000000000000000000001100000000000000000000000000000000000000000000011000000000000000000000000000000000000000000000000000110100000000000
0000000000000000000000000000000000000000000000000000000000011000000000000000000000000000000000000000000000001100000000000000000000000000000000000000000000000000010100000000000
0000000000000000000000000000000000000000000000000000000001100000000000000000000000000000000000000000000000000011000000000000000000000000000000000000000000000000011100000000000
0000000000000000000000000000000000000000000000000000000011000000000000000000000000000000000000000000000000000001100000000000000000000000000000000000000000000000001000000000000
0000000000000000000000000000000000000000000000000000001100000000000000000000000000000000000000000000000000000000110000000000000000000000000000000000000000000000000000000000000
0000000000000000000000000000000000000000000000000000011000000000000000000000000000000000000000000000000000000000001100000000000000000000000000000000000000000000000000000000000
0000000000000000000000000000000000000000000000000000110000000000000000000000000000000000000000000000000000000000000110000000000000000000000000000000000000000000000000000000000
0000000000000000000000000000000000000000000000000011000000000000000000000000000000000000000000000000000000000000000011000000000000000000000000000000000000000000000000000000000
0000000000000000000000000000000000000000000000000110000000000000000000000000000000000000000000000000000000000000000001100000000000000000000000000000000000000000000000000000000
0000000000000000000000000000000000000000000000001100000000000000000000000000000000000000000000000000000000000000000000011000000000000000000000000000000000000000000000000000000
0000000000000000000000000000000000000000000000011000000000000000000000000000000000000000000000000000000000000000000000001100000000000000000000000000000000000000000000000000000
0000000000000000000000000000000000000000000000110000000000000000000000000000000000000000000000000000000000000000000000000110000000000000000000000000000000000000000000000000000
0000000000000000000000000000000000000000000001100000000000000000000000000000000000000000000000000000000000000000000000000011000000000000000000000000000000000000000000000000000
0000000000000000000000000000000000000000000011000000000000000000000000000000000000000000000000000000000000000000000000000001100000000000000000000000000000000000000000000000000
0000000000000000000000000000000000000000000110000000000000000000000000000000000000000000000000000000000000000000000000000000100000000000000000000000000000000000000000000000000
0000000000000000000000000000000000000000001100000000000000000000000000000000000000000000000000000000000000000000000000000000010000000000000000000000000000000000000000000000000
0000000000000000000000000000000000000000011000000000000000000000000000000000000000000000000000000000000000000000000000000000011000000000000000000000000000000000000000000000000
0000000000000000000000000000000000000000010000000000000000000000000000000000000000000000000000000000000000000000000000000000001100000000000000000000000000000000000000000000000
0000000000000000000000000000000000000000100000000000000000000000000000000000000000000000000000000000000000000000000000000000000110000000000000000000000000000000000000000000000
0000000000000000000000000000000000000001100000000000000000000000000000000000000000000000000000000000000000000000000000000000000010000000000000000000000000000000000000000000000
0000000000000000000000000000000000000011000000000000000000000000000000000000000000000000000000000000000000000000000000000000000001000000000000000000000000000000000000000000000
0000000000000000000000000000000000000010000000000000000000000000000000000000000000000000000000000000000000000000000000000000000001100000000000000000000000000000000000000000000
0000000000000000000000000000000000000100000000000000000000000000000000000000000000000000000000000000000000000000000000000000000000100000000000000000000000000000000000000000000
0000000000000000000000000000000000000100000000000000000000000000000000000000000000000000000000000000000000000000000000000000000000010000000000000000000000000000000000000000000
0000000000000000000000000000000000001000000000000000000000000000000000000000000000000000000000000000000000000000000000000000000000011000000000000000000000000000000000000000000
0000000000000000000000000000000000011000000000000000000000000000000000000000000000000000000000000000000000000000000000000000000000001000000000000000000000000000000000000000000
0000000000000000000000000000000000010000000000000000000000000000000000000000000000000000000000000000000000000000000000000000000000000100000000000000000000000000000000000000000
0000000000000000000000000000000000100000000000000000000000000000000000000000000000000000000000000000000000000000000000000000000000000100000000000000000000000000000000000000000
0000000000000000000000000000000000100000000000000000000000000000000000000000000000000000000000000000000000000000000000000000000000000010000000000000000000000000000000000000000
0000000000000000000000000000000001000000000000000000000000000000000000000000000000000000000000000000000000000000000000000000000000000010000000000000000000000000000000000000000
0000000000000000000000000000000001000000000000000000000000000000000000000000000000000000000000000000000000000000000000000000000000000001000000000000000000000000000000000000000
0000000000000000000000000000000010000000000000000000000000000000000000000000000000000000000000000000000000000000000000000000000000000001000000000000000000000000000000000000000
0000000000000000000000000000000010000000000000000000000000000000000000000000000000000000000000000000000000000000000000000000000000000000100000000000000000000000000000000000000
0000000000000000000000000000000110000000000000000000000000000000000000000000000000000000000000000000000000000000000000000000000000000000100000000000000000000000000000000000000
0000000000000000000000000000000100000000000000000000000000000000000000000000000000000000000000000000000000000000000000000000000000000000010000000000000000000000000000000000000
0000000000000000000000000000001100000000000000000000000000000000000000000000000000000000000000000000000000000000000000000000000000000000010000000000000000000000000000000000000
0000000000000000000000000000001000000000000000000000000000000000000000000000000000000000000000000000000000000000000000000000000000000000011000000000000000000000000000000000000
0000000000000000000000000000011000000000000000000000000000000000000000000000000000000000000000000000000000000000000000000000000000000000001000000000000000000000000000000000000
0000000000000000000000000000010000000000000000000000000000000000000000000000000000000000000000000000000000000000000000000000000000000000001000000000000000000000000000000000000
0000000000000000000000000000010000000000000000000000000000000000000000000000000000000000000000000000000000000000000000000000000000000000001100000000000000000000000000000000000
0000000000000000000000000000110000000000000000000000000000000000000000000000000000000000000000000000000000000000000000000000000000000000001100000000000000000000000000000000000
0000000000000000000000000000110000000000000000000000000000000000000000000000000000000000000000000000000000000000000000000000000000000000000100000000000000000000000000000000000
0000000000000000000000000000100000000000000000000000000000000000000000000000000000000000000000000000000000000000000000000000000000000000000100000000000000000000000000000000000
0000000000000000000000000000100000000000000000000000000000000000000000000000000000000000000000000000000000000000000000000000000000000000000110000000000000000000000000000000000
0000000000000000000000000001100000000000000000000000000000000000000000000000000000000000000000000000000000000000000000000000000000000000000110000000000000000000000000000000000
0000000000000000000000000001100000000000000000000000000000000000000000000000000000000000000000000000000000000000000000000000000000000000000010000000000000000000000000000000000
0000000000000000000000000001000000000000000000000000000000000000000000000000000000000000000000000000000000000000000000000000000000000000000010000000000000000000000000000000000
0000000000000000000000000001000000000000000000000000000000000000000000000000000000000000000000000000000000000000000000000000000000000000000011000000000000000000000000000000000
0000000000000000000000000011000000000000000000000000000000000000000000000000000000000000000000000000000000000000000000000000000000000000000011000000000000000000000000000000000
0000000000000000000000000011000000000000000000000000000000000000000000000000000000000000000000000000000000000000000000000000000000000000000011000000000000000000000000000000000
0000000000000000000000000001000000000000000000000000000000000000000000000000000000000000000000000000000000000000000000000000000000000000000011000000000000000000000000000000000
0000000000000000000000000001000000000000000000000000000000000000000000000000000000000000000000000000000000000000000000000000000000000000000010000000000000000000000000000000000
0000000000000000000000000001100000000000000000000000000000000000000000000000000000000000000000000000000000000000000000000000000000000000000010000000000000000000000000000000000
0000000000000000000000000001100000000000000000000000000000000000000000000000000000000000000000000000000000000000000000000000000000000000000110000000000000000000000000000000000
0000000000000000000000000000100000000000000000000000000000000000000000000000000000000000000000000000000000000000000000000000000000000000000110000000000000000000000000000000000
0000000000000000000000000000100000000000000000000000000000000000000000000000000000000000000000000000000000000000000000000000000000000000000100000000000000000000000000000000000
0000000000000000000000000000110000000000000000000000000000000000000000000000000000000000000000000000000000000000000000000000000000000000000100000000000000000000000000000000000
0000000000000000000000000000010000000000000000000000000000000000000000000000000000000000000000000000000000000000000000000000000000000000001100000000000000000000000000000000000
0000000000000000000000000000010000000000000000000000000000000000000000000000000000000000000000000000000000000000000000000000000000000000001000000000000000000000000000000000000
0000000000000000000000000000011000000000000000000000000000000000000000000000000000000000000000000000000000000000000000000000000000000000001000000000000000000000000000000000000
0000000000000000000000000000001000000000000000000000000000000000000000000000000000000000000000000000000000000000000000000000000000000000011000000000000000000000000000000000000
0000000000000000000000000000001000000000000000000000000000000000000000000000000000000000000000000000000000000000000000000000000000000000010000000000000000000000000000000000000
0000000000000000000000000000000100000000000000000000000000000000000000000000000000000000000000000000000000000000000000000000000000000000010000000000000000000000000000000000000
0000000000000000000000000000000100000000000000000000000000000000000000000000000000000000000000000000000000000000000000000000000000000000110000000000000000000000000000000000000
0000000000000000000000000000000010000000000000000000000000000000000000000000000000000000000000000000000000000000000000000000000000000000100000000000000000000000000000000000000
0000000000000000000000000000000010000000000000000000000000000000000000000000000000000000000000000000000000000000000000000000000000000000100000000000000000000000000000000000000
0000000000000000000000000000000011000000000000000000000000000000000000000000000000000000000000000000000000000000000000000000000000000001000000000000000000000000000000000000000
0000000000000000000000000000000001000000000000000000000000000000000000000000000000000000000000000000000000000000000000000000000000000001000000000000000000000000000000000000000
0000000000000000000000000000000001100000000000000000000000000000000000000000000000000000000000000000000000000000000000000000000000000010000000000000000000000000000000000000000
0000000000000000000000000000000000100000000000000000000000000000000000000000000000000000000000000000000000000000000000000000000000000010000000000000000000000000000000000000000
0000000000000000000000000000000000010000000000000000000000000000000000000000000000000000000000000000000000000000000000000000000000000100000000000000000000000000000000000000000
0000000000000000000000000000000000010000000000000000000000000000000000000000000000000000000000000000000000000000000000000000000000001100000000000000000000000000000000000000000
0000000000000000000000000000000000001000000000000000000000000000000000000000000000000000000000000000000000000000000000000000000000001000000000000000000000000000000000000000000
0000000000000000000000000000000000001000000000000000000000000000000000000000000000000000000000000000000000000000000000000000000000010000000000000000000000000000000000000000000
0000000000000000000000000000000000000100000000000000000000000000000000000000000000000000000000000000000000000000000000000000000000110000000000000000000000000000000000000000000
0000000000000000000000000000000000000110000000000000000000000000000000000000000000000000000000000000000000000000000000000000000000100000000000000000000000000000000000000000000
0000000000000000000000000000000000000010000000000000000000000000000000000000000000000000000000000000000000000000000000000000000001000000000000000000000000000000000000000000000
0000000000000000000000000000000000000001000000000000000000000000000000000000000000000000000000000000000000000000000000000000000011000000000000000000000000000000000000000000000
0000000000000000000000000000000000000001100000000000000000000000000000000000000000000000000000000000000000000000000000000000000010000000000000000000000000000000000000000000000
0000000000000000000000000000000000000000110000000000000000000000000000000000000000000000000000000000000000000000000000000000000100000000000000000000000000000000000000000000000
0000000000000000000000000000000000000000011000000000000000000000000000000000000000000000000000000000000000000000000000000000001100000000000000000000000000000000000000000000000
0000000000000000000000000000000000000000001100000000000000000000000000000000000000000000000000000000000000000000000000000000011000000000000000000000000000000000000000000000000
0000000000000000000000000000000000000000000110000000000000000000000000000000000000000000000000000000000000000000000000000000110000000000000000000000000000000000000000000000000
0000000000000000000000000000000000000000000010000000000000000000000000000000000000000000000000000000000000000000000000000001100000000000000000000000000000000000000000000000000
0000000000000000000000000000000000000000000001000000000000000000000000000000000000000000000000000000000000000000000000000011000000000000000000000000000000000000000000000000000
0000000000000000000000000000000000000000000001100000000000000000000000000000000000000000000000000000000000000000000000000110000000000000000000000000000000000000000000000000000
0000000000000000000000000000000000000000000000110000000000000000000000000000000000000000000000000000000000000000000000001100000000000000000000000000000000000000000000000000000
0000000000000000000000000000000000000000000000011000000000000000000000000000000000000000000000000000000000000000000000011000000000000000000000000000000000000000000000000000000
0000000000000000000000000000000000000000000000001100000000000000000000000000000000000000000000000000000000000000000000110000000000000000000000000000000000000000000000000000000
0000000000000000000000000000000000000000000000000110000000000000000000000000000000000000000000000000000000000000000001100000000000000000000000000000000000000000000000000000000
0000000000000000000000000000000000000000000000000001100000000000000000000000000000000000000000000000000000000000000011000000000000000000000000000000000000000000000000000000000
0000000000000000000000000000000000000000000000000000110000000000000000000000000000000000000000000000000000000000000110000000000000000000000000000000000000000000000000000000000
0000000000000000000000000000000000000000000000000000011000000000000000000000000000000000000000000000000000000000011000000000000000000000000000000000000000000000000000000000000
0000000000000000000000000000000000000000000000000000000110000000000000000000000000000000000000000000000000000000110000000000000000000000000000000000000000000000001000000000000
0000000000000000000000000000000000000000000000000000000011000000000000000000000000000000000000000000000000000011000000000000000000000000000000000000000000000000011100000000000
0000000000000000000000000000000000000000000000000000000000110000000000000000000000000000000000000000000000000110000000000000000000000000000000000000000000000000010100000000000
0000000000000000000000000000000000000000000000000000000000011000000000000000000000000000000000000000000000011000000000000000000000000000000000000000000000000000010100000000000
0000000000000000000000000000000000000000000000000000000000000110000000000000000000000000000000000000000001100000000000000000000000000000000000000000000000000000101100000000000
0000000000000000000000000000000000000000000000000000000000000011000000000000000000000000000000000000000011000000000000000000000000000000000000000000000000000000101100000000000
0000000000000000000000000000000000000000000000000000000000000000110000000000000000000000000000000000001100000000000000000000000000000000000000000000000000000001001100000000000
0000000000000000000000000000000000000000000000000000000000000000001110000000000000000000000000000000110000000000000000000000000000000000000000000000000000000001001100000000000
0000000000000000000000000000000000000000000000000000000000000000000011100000000000000000000000000111000000000000000000000000000000000000000000000000000000000010001100000000000
0000000000000000000000000000000000000000000000000000000000000000000000011110000000000000000000111100000000000000000000000000000000000000000000000000000000000110001100000000000
0000000000000000000000000000000000000000000000000000000000000000000000000111110000000000001111100000000000000000000000000000000000000000000000000000000000000100001100000000000
0000000000000000000000000000000000000000000000000000000000000000000000000000011111100011111100000000000000000000000000000000000000000000000000000000000000001000001100000000000
0000000000000100000000000000000000000000000000000000000000000000000000000000000011111111000000000000000000000000000000000000000000000000000000000000000000011000001100000000000
0000000000010100000000000000000000000000000000000000000000000000000000000000000000000000000000000000000000000000000000000000000000000000000000000000000000110000001100000000000
0000000000011010000000000000000000000000000000000000000000000000000000000000000000000000000000000000000000000000000000000000000000000000000000000000000001100000001100000000000
0000000000011011000000000000000000000000000000000000000000000000000000000000000000000000000000000000000000000000000000000000000000000000000000000000000011000000001100000000000
0000000000011001100000000000000000000000000000000000000000000000000000000000000000000000000000000000000000000000000000000000000000000000000000000000000110000000001100000000000
0000000000011000110000000000000000000000000000000000000000000000000000000000000000000000000000000000000000000000000000000000000000000000000000000000001100000000001100000000000
0000000000011000011000000000000000000000000000000000000000000000000000000000000000000000000000000000000000000000000000000000000000000000000000000000001000000000001100000000000
0000000000011000001100000000000000000000000000000000000000000000000000000000000000000000000000000000000000000000000000000000000000000000000000000000010000000000001100000000000
0000000000011000000110000000000000000000000000000000000000000000000000000000000000000000000000000000000000000000000000000000000000000000000000000000110000000000001100000000000
0000000000011000000011000000000000000000000000000000000000000000000000000000000000000000000000000000000000000000000000000000000000000000000000000001100000000000001100000000000
0000000000011000000001100000000000000000000000000000000000000000000000000000000000000000000000000000000000000000000000000000000000000000000000000011000000000000001100000000000
0000000000011000000000110000000000000000000000000000000000000000000000000000000000000000000000000000000000000000000000000000000000000000000000001100000000000000001100000000000
0000000000011000000000011000000000000000000000000000000000000000000000000000000000000000000000000000000000000000000000000000000000000000000000011000000000000000001100000000000
0000000000011000000000001100000000000000000000000000000000000000000000000000000000000000000000000000000000000000000000000000000000000000000000110000000000000000001100000000000
0000000000011000000000000011000000000000000000000000000000000000000000000000000000000000000000000000000000000000000000000000000000000000000001100000000000000000001100000000000
0000000000011000000000000001100000000000000000000000000000000000000000000000000000000000000000000000000000000000000000000000000000000000000011000000000000000000001100000000000
0000000000011000000000000000110000000000000000000000000000000000000000000000000000000000000000000000000000000000000000000000000000000000001100000000000000000000001100000000000
0000000000011000000000000000001100000000000000000000000000000000000000000000000000000000000000000000000000000000000000000000000000000000011000000000000000000000001100000000000
0000000000011000000000000000000110000000000000000000000000000000000000000000000000000000000000000000000000000000000000000000000000000001100000000000000000000000001100000000000
0000000000011000000000000000000001100000000000000000000000000000000000000000000000000000000000000000000000000000000000000000000000000110000000000000000000000000001100000000000
0000000000011000000000000000000000011100000000000000000000000000000000000000000000000000000000000000000000000000000000000000000000011100000000000000000000000000001100000000000
0000000000001111111111111111111111100110000000000000000000000000000000000000000000000000000000000000000000000000000000000000000000110011111111111111111111111111111000000000000
0000000000000111111111111111111111111100000000000000000000000000000000000000000000000000000000000000000000000000000000000000000000011111111111111111111111111111110000000000000
0000000000000000000000000000000000000000000000000000000000000000000000000000000000000000000000000000000000000000000000000000000000000000000000000000000000000000000000000000000
0000000000000000000000000000000000000000000000000000000000000000000000000000000000000000000000000000000000000000000000000000000000000000000000000000000000000000000000000000000
0000000000000000000000000000000000000000000000000000000000000000000000000000000000000000000000000000000000000000000000000000000000000000000000000000000000000000000000000000000
0000000000000000000000000000000000000000000000000000000000000000000000000000000000000000000000000000000000000000000000000000000000000000000000000000000000000000000000000000000
0000000000000000000000000000000000000000000000000000000000000000000000000000000000000000000000000000000000000000000000000000000000000000000000000000000000000000000000000000000
0000000000000000000000000000000000000000000000000000000000000000000000000000000000000000000000000000000000000000000000000000000000000000000000000000000000000000000000000000000
0000000000000000000000000000000000000000000000000000000000000000000000000000000000000000000000000000000000000000000000000000000000000000000000000000000000000000000000000000000
0000000000000000000000000000000000000000000000000000000000000000000000000000000000000000000000000000000000000000000000000000000000000000000000000000000000000000000000000000000
0000000000000000000000000000000000000000000000000000000000000000000000000000000000000000000000000000000000000000000000000000000000000000000000000000000000000000000000000000000
0000000000000000000000000000000000000000000000000000000000000000000000000000000000000000000000000000000000000000000000000000000000000000000000000000000000000000000000000000000
0000000000000000000000000000000000000000000000000000000000000000000000000000000000000000000000000000000000000000000000000000000000000000000000000000000000000000000000000000000
